7 7 0 1 0 11 1 1 1 1 7 4 1 2 11 6 13 13 3 25 3 6 9 5 1 7 8 5 8 1 3 7 3 1 2 1 1 6 5 6 
1 1 10 1 1 0 2 1 0 34 1 2 17 7 7 1 7 2 11 10 9 38 2 1 1 16 22 2 19 4 1 2 4 1 2 0 8 12 1 2 4 2 2 1 11 2 4 1 1 
1 2 1 1 7 10 2 3 1 2 3 10 26 1 5 4 2 8 8 6 3 2 8 4 12 14 1 11 4 10 5 
1 4 4 1 0 0 11 4 5 6 0 19 6 0 3 3 3 4 4 2 3 0 0 1 13 0 5 6 0 1 1 1 4 1 
1 1 1 1 1 1 1 2 2 9 1 10 3 15 17 14 2 10 2 12 11 41 3 11 6 23 12 14 2 8 12 6 14 1 4 2 8 4 1 2 2 1 1 1 2 2 
1 1 1 2 1 8 4 10 15 4 0 4 4 2 3 11 3 7 4 6 3 3 7 64 5 13 1 6 10 27 3 4 7 18 6 1 8 1 1 1 1 0 4 3 2 0 3 
1 1 2 1 2 0 5 1 23 4 9 2 0 8 2 33 3 25 3 19 17 5 3 2 8 4 2 9 15 15 6 4 31 2 3 2 2 1 1 4 2 1 0 1 1 1 1 2 0 2 1 1 2 0 1 3 
1 1 1 1 1 2 1 0 2 1 4 1 2 5 0 2 4 8 4 2 2 4 3 5 3 2 3 0 12 3 3 8 7 45 11 15 1 4 3 2 1 2 4 3 4 2 
1 1 2 1 3 2 3 3 2 6 3 17 18 5 3 9 2 5 3 6 5 6 7 2 2 
14 1 0 4 1 1 2 4 7 2 3 2 1 2 1 1 3 2 2 10 11 6 2 4 4 4 2 22 1 17 0 3 4 2 9 5 4 1 1 5 1 38 4 1 7 2 23 1 7 13 1 5 
4 2 3 5 2 0 4 1 7 3 6 6 3 0 7 11 2 1 1 1 9 37 3 4 2 9 15 14 10 1 1 10 2 1 13 1 7 2 40 3 2 0 1 
1 2 1 1 6 13 6 2 23 26 14 2 2 6 7 34 0 10 3 1 7 4 3 5 6 7 7 5 12 2 10 5 9 3 2 2 2 1 1 14 3 0 4 2 2 1 2 1 1 1 2 1 1 
4 4 13 3 10 16 8 2 10 18 42 6 34 8 2 8 10 13 5 2 14 2 2 10 1 3 14 8 2 1 1 1 2 7 3 
1 2 0 1 2 2 2 5 6 1 6 5 24 8 13 4 2 8 24 7 13 5 4 0 4 3 5 4 6 3 9 1 4 3 10 10 4 5 
1 1 2 0 3 2 3 5 27 4 18 4 2 5 7 5 6 3 8 12 7 5 6 4 17 8 4 9 16 3 1 6 5 14 4 4 2 4 4 8 10 4 9 6 2 2 2 0 
9 3 2 2 1 1 6 2 3 12 5 4 9 3 5 2 39 3 49 22 2 3 5 48 6 10 2 4 3 2 2 3 2 3 1 1 2 1 3 1 
1 1 2 4 5 1 2 2 1 1 3 2 4 9 13 7 8 6 1 5 20 4 1 5 10 31 2 0 3 1 4 1 4 9 5 3 33 3 4 6 1 
1 
1 1 3 9 2 5 1 4 13 16 2 65 8 13 6 6 4 17 1 3 7 3 13 6 7 9 9 18 9 2 9 12 16 
13 1 1 1 1 1 4 2 1 2 1 1 2 1 3 2 2 22 18 2 3 2 8 4 8 2 13 10 0 21 6 10 1 4 1 5 6 0 16 
1 1 0 1 0 1 1 0 1 6 2 2 1 1 0 6 2 36 1 23 53 22 1 1 6 2 2 2 7 12 35 10 3 2 0 9 16 5 2 4 9 2 0 3 5 0 0 1 
2 0 2 2 1 1 1 2 6 0 8 9 4 0 5 12 1 6 4 0 2 3 3 4 5 2 2 7 1 16 
4 1 2 1 0 1 10 2 7 16 0 2 16 0 4 1 6 6 7 12 5 2 5 8 12 1 2 6 17 3 5 8 4 1 
2 1 0 1 0 1 0 2 9 2 8 10 5 5 8 18 5 7 0 7 13 12 1 2 1 17 9 11 2 4 54 26 6 3 2 1 6 1 3 5 4 0 1 2 2 8 
2 0 2 0 1 2 1 2 6 2 5 5 27 3 22 1 2 7 2 2 3 5 2 10 0 14 4 2 11 2 2 1 2 3 4 2 12 0 1 0 2 2 3 4 2 2 1 
5 1 1 1 1 1 3 2 13 2 5 0 3 4 4 5 2 40 4 7 39 9 12 42 3 4 4 1 4 6 5 5 10 4 2 2 8 0 4 11 1 1 1 1 2 1 0 1 0 1 1 0 2 0 0 1 
8 2 3 0 1 5 1 5 4 16 5 4 9 25 2 9 5 5 3 21 13 2 11 8 2 7 6 2 11 14 31 8 7 20 10 1 1 1 1 1 0 1 2 0 4 
6 3 1 1 2 2 4 2 3 1 2 11 2 2 5 1 0 12 2 1 4 10 2 4 
3 2 4 1 9 0 4 0 2 21 0 0 4 3 4 1 3 12 7 23 19 0 8 10 5 4 3 0 7 5 7 4 1 7 17 1 5 4 2 1 4 1 1 1 11 2 2 7 14 7 6 6 
172 3 10 0 2 3 3 4 4 6 1 2 2 1 3 3 0 1 0 1 2 3 0 4 4 3 2 1 3 6 5 2 4 1 1 2 1 2 2 0 1 1 0 
2 1 1 2 3 4 4 2 6 7 5 0 2 24 26 8 5 15 3 2 1 1 3 3 6 7 2 8 12 4 1 31 17 1 0 1 0 1 2 5 9 0 1 1 1 1 2 2 2 1 1 1 1 
2 0 0 0 2 19 0 1 21 2 2 0 0 9 1 11 8 1 2 4 2 26 2 2 1 7 6 1 3 2 4 0 35 7 4 
2 2 2 1 1 1 2 21 6 44 13 1 27 6 4 5 2 3 9 6 6 7 5 2 1 2 7 5 5 15 2 1 16 2 9 10 1 2 
3 1 0 0 2 1 4 2 14 9 2 2 2 2 12 28 2 8 18 14 8 6 7 21 4 4 5 5 3 3 2 17 4 12 17 9 2 2 4 4 3 4 9 1 5 1 2 
2 1 2 0 0 3 1 0 2 2 1 1 2 11 1 1 13 6 5 1 0 0 9 4 3 12 13 22 1 12 4 11 3 3 14 1 9 12 9 1 
1 2 1 6 6 3 3 20 2 5 5 5 12 4 4 12 16 10 14 1 18 33 9 7 11 20 2 16 2 7 1 2 11 14 2 2 3 2 2 4 

3 2 1 2 2 2 2 1 2 2 3 6 5 30 4 8 1 3 8 5 3 17 6 12 6 13 7 7 27 5 9 2 2 
